10796
14832
31898
8157
8222
16235
6138
24233
16601
26262
14315
19063
20111
11665
19080
19659
21291
11351
10010
12892
20554
25975
27025
23677
12181
24891
1400
9478
11574
17423
15143
2050
18547
5311
3904
23246
17370
10930
3321
26715
12294
29918
19858
19291
27853
8278
2991
19332
28340
3373
4709
18697
11589
9721
11020
21659
19256
27542
18699
8540
18129
21597
10864
10452
30337
11010
16330
26779
17869
15394
29007
11303
23758
29488
4068
22665
18812
260
11719
2857
18209
22361
10646
20454
4893
23233
15930
21009
5061
27995
30934
16859
4397
10988
2112
15561
15843
10206
25767
7715
5742
18514
3795
23381
16875
25416
17073
5562
3301
11900
21598
172
11627
30905
28071
5494
8582
7863
16461
2570
18967
11497
9832
9275
23859
21580
21626
7829
24984
24305
19526
11552
12872
14309
17804
7353
23730
22156
16595
22
13213
12187
28409
17795
10327
28976
12128
18990
18445
21478
